# Correct infinite->6-deck strategy
# cnt up  dbl spl sur p1 tc1 p2 ... +1000
  -13  5   1   0   0  3             +1000
  -15  4   1   0   0  3             +1000

# Hi-Lo Illustrious 18 (BJA3)
# cnt up  dbl spl sur p1 tc1 p2 ... +1000
  +16  9   0   0   0  2  +5  1      +1000
  +16  9   1   0   0  2  +5  1      +1000
  +16 10   0   0   0  2   0  1      +1000
  +16 10   1   0   0  2   0  1      +1000
  +15 10   0   0   0  2  +4  1      +1000
  +15 10   1   0   0  2  +4  1      +1000
  +13  2   0   0   0  2  -1  1      +1000
  +13  2   1   0   0  2  -1  1      +1000
  +13  3   0   0   0  2  -2  1      +1000
  +13  3   1   0   0  2  -2  1      +1000
  +12  2   0   0   0  2  +4  1      +1000
  +12  2   1   0   0  2  +4  1      +1000
  +12  3   0   0   0  2  +2  1      +1000
  +12  3   1   0   0  2  +2  1      +1000
  +12  4   0   0   0  2   0  1      +1000
  +12  4   1   0   0  2   0  1      +1000
  +12  5   0   0   0  2  -1  1      +1000
  +12  5   1   0   0  2  -1  1      +1000
  +12  6   0   0   0  2  -1  1      +1000
  +12  6   1   0   0  2  -1  1      +1000
  +11  1   1   0   0  2  +1  3      +1000
  +10 10   1   0   0  2  +4  3      +1000
  +10 10   1   1   0  2  +4  3      +1000
  +10  1   1   0   0  2  +4  3      +1000
  +10  1   1   1   0  2  +4  3      +1000
   +9  2   1   0   0  2  +1  3      +1000
   +9  7   1   0   0  2  +4  3      +1000
  +20  5   0   1   0  1  +5  4      +1000
  +20  5   1   1   0  1  +5  4      +1000
  +20  6   0   1   0  1  +5  4      +1000
  +20  6   1   1   0  1  +5  4      +1000
