# Hi-Lo Illustrious 18 Revisited (Cacarulo)
# cnt up  dbl spl sur p1 tc1 p2 ... +1000
  +16 10   0   0   0  2   0  1      +1000
  +16 10   1   0   0  2   0  1      +1000
  +12  3   0   0   0  2  +2  1      +1000
  +12  3   1   0   0  2  +2  1      +1000
  +15 10   0   0   0  2  +4  1      +1000
  +15 10   1   0   0  2  +4  1      +1000
  +11  1   1   0   0  2  +1  3      +1000
  +12  2   0   0   0  2  +3  1      +1000
  +12  2   1   0   0  2  +3  1      +1000
   +9  2   1   0   0  2  +1  3      +1000
  +20  5   0   1   0  1  +5  4      +1000
  +20  5   1   1   0  1  +5  4      +1000
  +20  6   0   1   0  1  +4  4      +1000
  +20  6   1   1   0  1  +4  4      +1000
   +8  6   1   0   0  2  +2  3      +1000
  +16  9   0   0   0  2  +4  1      +1000
  +16  9   1   0   0  2  +4  1      +1000
  -19  6   1   0   0  1  +1  3      +1000
  +12  4   0   0   0  2   0  1      +1000
  +12  4   1   0   0  2   0  1      +1000
  -19  5   1   0   0  1  +1  3      +1000
  +13  2   0   0   0  2  -1  1      +1000
  +13  2   1   0   0  2  -1  1      +1000
  +10  1   1   0   0  2  +3  3      +1000
  +10  1   1   1   0  2  +3  3      +1000
   +8  5   1   0   0  2  +4  3      +1000
   +9  7   1   0   0  2  +3  3      +1000
