21	1	0	0	0	1	1000
21	1	1	0	0	1	1000
21	2	0	0	0	1	1000
21	2	1	0	0	1	1000
21	3	0	0	0	1	1000
21	3	1	0	0	1	1000
21	4	0	0	0	1	1000
21	4	1	0	0	1	1000
21	5	0	0	0	1	1000
21	5	1	0	0	1	1000
21	6	0	0	0	1	1000
21	6	1	0	0	1	1000
21	7	0	0	0	1	1000
21	7	1	0	0	1	1000
21	8	0	0	0	1	1000
21	8	1	0	0	1	1000
21	9	0	0	0	1	1000
21	9	1	0	0	1	1000
21	10	0	0	0	1	1000
21	10	1	0	0	1	1000
20	1	0	0	0	1	1000
20	1	0	1	0	1	1000
20	1	1	0	0	1	1000
20	1	1	1	0	1	1000
20	2	0	0	0	1	1000
20	2	0	1	0	1	11	4	1000
20	2	1	0	0	1	1000
20	2	1	1	0	1	11	4	1000
20	3	0	0	0	1	1000
20	3	0	1	0	1	9	4	1000
20	3	1	0	0	1	1000
20	3	1	1	0	1	9	4	1000
20	4	0	0	0	1	1000
20	4	0	1	0	1	7	4	1000
20	4	1	0	0	1	1000
20	4	1	1	0	1	7	4	1000
20	5	0	0	0	1	1000
20	5	0	1	0	1	5	4	1000
20	5	1	0	0	1	1000
20	5	1	1	0	1	5	4	1000
20	6	0	0	0	1	1000
20	6	0	1	0	1	5	4	1000
20	6	1	0	0	1	1000
20	6	1	1	0	1	5	4	1000
20	7	0	0	0	1	1000
20	7	0	1	0	1	14	4	1000
20	7	1	0	0	1	1000
20	7	1	1	0	1	14	4	1000
20	8	0	0	0	1	1000
20	8	0	1	0	1	1000
20	8	1	0	0	1	1000
20	8	1	1	0	1	1000
20	9	0	0	0	1	1000
20	9	0	1	0	1	1000
20	9	1	0	0	1	1000
20	9	1	1	0	1	1000
20	10	0	0	0	1	1000
20	10	0	1	0	1	1000
20	10	1	0	0	1	1000
20	10	1	1	0	1	1000
19	1	0	0	0	1	1000
19	1	1	0	0	1	1000
19	2	0	0	0	1	1000
19	2	1	0	0	1	1000
19	3	0	0	0	1	1000
19	3	1	0	0	1	1000
19	4	0	0	0	1	1000
19	4	1	0	0	1	1000
19	5	0	0	0	1	1000
19	5	1	0	0	1	1000
19	6	0	0	0	1	1000
19	6	1	0	0	1	1000
19	7	0	0	0	1	1000
19	7	1	0	0	1	1000
19	8	0	0	0	1	1000
19	8	1	0	0	1	1000
19	9	0	0	0	1	1000
19	9	1	0	0	1	1000
19	10	0	0	0	1	1000
19	10	1	0	0	1	1000
18	1	0	0	0	1	1000
18	1	0	1	0	1	3	4	1000
18	1	1	0	0	1	1000
18	1	1	1	0	1	3	4	1000
18	2	0	0	0	1	1000
18	2	0	1	0	1	-3	4	1000
18	2	1	0	0	1	1000
18	2	1	1	0	1	-3	4	1000
18	3	0	0	0	1	1000
18	3	0	1	0	1	-5	4	1000
18	3	1	0	0	1	1000
18	3	1	1	0	1	-5	4	1000
18	4	0	0	0	1	1000
18	4	0	1	0	1	-6	4	1000
18	4	1	0	0	1	1000
18	4	1	1	0	1	-6	4	1000
18	5	0	0	0	1	1000
18	5	0	1	0	1	-7	4	1000
18	5	1	0	0	1	1000
18	5	1	1	0	1	-7	4	1000
18	6	0	0	0	1	1000
18	6	0	1	0	1	-8	4	1000
18	6	1	0	0	1	1000
18	6	1	1	0	1	-8	4	1000
18	7	0	0	0	1	1000
18	7	0	1	0	1	4	4	1000
18	7	1	0	0	1	1000
18	7	1	1	0	1	4	4	1000
18	8	0	0	0	1	1000
18	8	0	1	0	1	-8	4	1000
18	8	1	0	0	1	1000
18	8	1	1	0	1	-8	4	1000
18	9	0	0	0	1	1000
18	9	0	1	0	1	-10	4	1000
18	9	1	0	0	1	1000
18	9	1	1	0	1	-10	4	1000
18	10	0	0	0	1	1000
18	10	0	1	0	1	1000
18	10	1	0	0	1	1000
18	10	1	1	0	1	1000
17	1	0	0	0	2	-7	1	1000
17	1	1	0	0	2	-7	1	1000
17	2	0	0	0	1	1000
17	2	1	0	0	1	1000
17	3	0	0	0	1	1000
17	3	1	0	0	1	1000
17	4	0	0	0	1	1000
17	4	1	0	0	1	1000
17	5	0	0	0	1	1000
17	5	1	0	0	1	1000
17	6	0	0	0	1	1000
17	6	1	0	0	1	1000
17	7	0	0	0	1	1000
17	7	1	0	0	1	1000
17	8	0	0	0	1	1000
17	8	1	0	0	1	1000
17	9	0	0	0	1	1000
17	9	1	0	0	1	1000
17	10	0	0	0	1	1000
17	10	1	0	0	1	1000
16	1	0	0	0	2	9	1	1000
16	1	0	1	0	2	-17	4	9	4	1000
16	1	1	0	0	2	9	1	1000
16	1	1	1	0	2	-17	4	9	4	1000
16	2	0	0	0	2	-9	1	1000
16	2	0	1	0	4	-9	4	1000
16	2	1	0	0	2	-9	1	1000
16	2	1	1	0	4	-9	4	1000
16	3	0	0	0	2	-11	1	1000
16	3	0	1	0	4	-11	4	1000
16	3	1	0	0	2	-11	1	1000
16	3	1	1	0	4	-11	4	1000
16	4	0	0	0	2	-12	1	1000
16	4	0	1	0	4	-12	4	1000
16	4	1	0	0	2	-12	1	1000
16	4	1	1	0	4	-12	4	1000
16	5	0	0	0	2	-13	1	1000
16	5	0	1	0	4	-13	4	1000
16	5	1	0	0	2	-13	1	1000
16	5	1	1	0	4	-13	4	1000
16	6	0	0	0	2	-14	1	1000
16	6	0	1	0	4	-14	4	1000
16	6	1	0	0	2	-14	1	1000
16	6	1	1	0	4	-14	4	1000
16	7	0	0	0	2	9	1	1000
16	7	0	1	0	4	9	4	1000
16	7	1	0	0	2	9	1	1000
16	7	1	1	0	4	9	4	1000
16	8	0	0	0	2	7	1	1000
16	8	0	1	0	4	7	4	1000
16	8	1	0	0	2	7	1	1000
16	8	1	1	0	4	7	4	1000
16	9	0	0	0	2	5	1	1000
16	9	0	1	0	4	5	4	1000
16	9	1	0	0	2	5	1	1000
16	9	1	1	0	4	5	4	1000

# 8-8 vs. 10: split < 9
16	10	0	0	0	2	0	1	1000
16	10	0	1	0	4	9	1	1000
16	10	1	0	0	2	0	1	1000
16	10	1	1	0	4	9	1	1000

15	1	0	0	0	2	10	1	1000
15	1	1	0	0	2	10	1	1000
15	2	0	0	0	2	-6	1	1000
15	2	1	0	0	2	-6	1	1000
15	3	0	0	0	2	-7	1	1000
15	3	1	0	0	2	-7	1	1000
15	4	0	0	0	2	-8	1	1000
15	4	1	0	0	2	-8	1	1000
15	5	0	0	0	2	-10	1	1000
15	5	1	0	0	2	-10	1	1000
15	6	0	0	0	2	-10	1	1000
15	6	1	0	0	2	-10	1	1000
15	7	0	0	0	2	11	1	1000
15	7	1	0	0	2	11	1	1000
15	8	0	0	0	2	11	1	1000
15	8	1	0	0	2	11	1	1000
15	9	0	0	0	2	8	1	1000
15	9	1	0	0	2	8	1	1000
15	10	0	0	0	2	4	1	1000
15	10	1	0	0	2	4	1	1000
14	1	0	0	0	2	14	1	1000
14	1	0	1	0	2	14	1	1000
14	1	1	0	0	2	14	1	1000
14	1	1	1	0	2	14	1	1000
14	2	0	0	0	2	-4	1	1000
14	2	0	1	0	2	-11	4	-4	4	1000
14	2	1	0	0	2	-4	1	1000
14	2	1	1	0	2	-11	4	-4	4	1000
14	3	0	0	0	2	-5	1	1000
14	3	0	1	0	2	-13	4	-5	4	1000
14	3	1	0	0	2	-5	1	1000
14	3	1	1	0	2	-13	4	-5	4	1000
14	4	0	0	0	2	-6	1	1000
14	4	0	1	0	2	-14	4	-6	4	1000
14	4	1	0	0	2	-6	1	1000
14	4	1	1	0	2	-14	4	-6	4	1000
14	5	0	0	0	2	-8	1	1000
14	5	0	1	0	2	-14	4	-8	4	1000
14	5	1	0	0	2	-8	1	1000
14	5	1	1	0	2	-14	4	-8	4	1000
14	6	0	0	0	2	-8	1	1000
14	6	0	1	0	4	-8	4	1000
14	6	1	0	0	2	-8	1	1000
14	6	1	1	0	4	-8	4	1000
14	7	0	0	0	2	1000
14	7	0	1	0	4	1000
14	7	1	0	0	2	1000
14	7	1	1	0	4	1000
14	8	0	0	0	2	1000
14	8	0	1	0	2	4	4	1000
14	8	1	0	0	2	1000
14	8	1	1	0	2	4	4	1000
14	9	0	0	0	2	1000
14	9	0	1	0	2	1000
14	9	1	0	0	2	1000
14	9	1	1	0	2	1000
14	10	0	0	0	2	19	1	1000
14	10	0	1	0	2	19	1	1000
14	10	1	0	0	2	19	1	1000
14	10	1	1	0	2	19	1	1000
13	1	0	0	0	2	1000
13	1	1	0	0	2	1000
13	2	0	0	0	2	-1	1	1000
13	2	1	0	0	2	-1	1	1000
13	3	0	0	0	2	-2	1	1000
13	3	1	0	0	2	-2	1	1000
13	4	0	0	0	2	-4	1	1000
13	4	1	0	0	2	-4	1	1000
13	5	0	0	0	2	-5	1	1000
13	5	1	0	0	2	-5	1	1000
13	6	0	0	0	2	-5	1	1000
13	6	1	0	0	2	-5	1	1000
13	7	0	0	0	2	1000
13	7	1	0	0	2	1000
13	8	0	0	0	2	1000
13	8	1	0	0	2	1000
13	9	0	0	0	2	1000
13	9	1	0	0	2	1000
13	10	0	0	0	2	1000
13	10	1	0	0	2	1000
12	1	0	0	0	2	1000
12	1	0	1	0	2	1000
12	1	1	0	0	2	1000
12	1	1	1	0	2	1000
12	2	0	0	0	2	4	1	1000
12	2	0	1	0	2	-2	4	4	4	1000
12	2	1	0	0	2	4	1	1000
12	2	1	1	0	2	-2	4	4	4	1000
12	3	0	0	0	2	2	1	1000
12	3	0	1	0	2	-5	4	2	4	1000
12	3	1	0	0	2	2	1	1000
12	3	1	1	0	2	-5	4	2	4	1000
12	4	0	0	0	2	0	1	1000
12	4	0	1	0	2	-7	4	0	4	1000
12	4	1	0	0	2	0	1	1000
12	4	1	1	0	2	-7	4	0	4	1000
12	5	0	0	0	2	-1	1	1000
12	5	0	1	0	2	-9	4	-1	4	1000
12	5	1	0	0	2	-1	1	1000
12	5	1	1	0	2	-9	4	-1	4	1000
12	6	0	0	0	2	-1	1	1000
12	6	0	1	0	2	-12	4	-1	4	1000
12	6	1	0	0	2	-1	1	1000
12	6	1	1	0	2	-12	4	-1	4	1000
12	7	0	0	0	2	1000
12	7	0	1	0	2	1000
12	7	1	0	0	2	1000
12	7	1	1	0	2	1000
12	8	0	0	0	2	1000
12	8	0	1	0	2	1000
12	8	1	0	0	2	1000
12	8	1	1	0	2	1000
12	9	0	0	0	2	1000
12	9	0	1	0	2	1000
12	9	1	0	0	2	1000
12	9	1	1	0	2	1000
12	10	0	0	0	2	1000
12	10	0	1	0	2	1000
12	10	1	0	0	2	1000
12	10	1	1	0	2	1000
11	1	0	0	0	2	1000
11	1	1	0	0	2	1	3	1000
11	2	0	0	0	2	1000
11	2	1	0	0	2	-13	3	1000
11	3	0	0	0	2	1000
11	3	1	0	0	2	-14	3	1000
11	4	0	0	0	2	1000
11	4	1	0	0	2	-15	3	1000
11	5	0	0	0	2	1000
11	5	1	0	0	2	-16	3	1000
11	6	0	0	0	2	1000
11	6	1	0	0	2	-17	3	1000
11	7	0	0	0	2	1000
11	7	1	0	0	2	-10	3	1000
11	8	0	0	0	2	1000
11	8	1	0	0	2	-8	3	1000
11	9	0	0	0	2	1000
11	9	1	0	0	2	-5	3	1000
11	10	0	0	0	2	1000
11	10	1	0	0	2	-5	3	1000
10	1	0	0	0	2	1000
10	1	0	1	0	2	1000
10	1	1	0	0	2	4	3	1000
10	1	1	1	0	2	4	3	1000
10	2	0	0	0	2	1000
10	2	0	1	0	2	1000
10	2	1	0	0	2	-10	3	1000
10	2	1	1	0	2	-10	3	1000
10	3	0	0	0	2	1000
10	3	0	1	0	2	1000
10	3	1	0	0	2	-10	3	1000
10	3	1	1	0	2	-10	3	1000
10	4	0	0	0	2	1000
10	4	0	1	0	2	1000
10	4	1	0	0	2	-12	3	1000
10	4	1	1	0	2	-12	3	1000
10	5	0	0	0	2	1000
10	5	0	1	0	2	1000
10	5	1	0	0	2	-12	3	1000
10	5	1	1	0	2	-12	3	1000
10	6	0	0	0	2	1000
10	6	0	1	0	2	1000
10	6	1	0	0	2	-14	3	1000
10	6	1	1	0	2	-14	3	1000
10	7	0	0	0	2	1000
10	7	0	1	0	2	1000
10	7	1	0	0	2	-7	3	1000
10	7	1	1	0	2	-7	3	1000
10	8	0	0	0	2	1000
10	8	0	1	0	2	1000
10	8	1	0	0	2	-4	3	1000
10	8	1	1	0	2	-4	3	1000
10	9	0	0	0	2	1000
10	9	0	1	0	2	1000
10	9	1	0	0	2	-2	3	1000
10	9	1	1	0	2	-2	3	1000
10	10	0	0	0	2	1000
10	10	0	1	0	2	1000
10	10	1	0	0	2	4	3	1000
10	10	1	1	0	2	4	3	1000
9	1	0	0	0	2	1000
9	1	1	0	0	2	1000
9	2	0	0	0	2	1000
9	2	1	0	0	2	1	3	1000
9	3	0	0	0	2	1000
9	3	1	0	0	2	-1	3	1000
9	4	0	0	0	2	1000
9	4	1	0	0	2	-3	3	1000
9	5	0	0	0	2	1000
9	5	1	0	0	2	-4	3	1000
9	6	0	0	0	2	1000
9	6	1	0	0	2	-6	3	1000
9	7	0	0	0	2	1000
9	7	1	0	0	2	4	3	1000
9	8	0	0	0	2	1000
9	8	1	0	0	2	8	3	1000
9	9	0	0	0	2	1000
9	9	1	0	0	2	1000
9	10	0	0	0	2	1000
9	10	1	0	0	2	1000
8	1	0	0	0	2	1000
8	1	0	1	0	2	1000
8	1	1	0	0	2	1000
8	1	1	1	0	2	1000
8	2	0	0	0	2	1000
8	2	0	1	0	2	1000
8	2	1	0	0	2	15	3	1000
8	2	1	1	0	2	15	3	1000
8	3	0	0	0	2	1000
8	3	0	1	0	2	8	4	1000
8	3	1	0	0	2	10	3	1000
8	3	1	1	0	2	8	4	10	4	1000
8	4	0	0	0	2	1000
8	4	0	1	0	2	3	4	1000
8	4	1	0	0	2	6	3	1000
8	4	1	1	0	2	3	4	6	4	1000
8	5	0	0	0	2	1000
8	5	0	1	0	2	-1	4	1000
8	5	1	0	0	2	4	3	1000
8	5	1	1	0	2	-1	4	4	4	1000
8	6	0	0	0	2	1000
8	6	0	1	0	2	-2	4	1000
8	6	1	0	0	2	2	3	1000
8	6	1	1	0	2	-2	4	2	4	1000
8	7	0	0	0	2	1000
8	7	0	1	0	2	1000
8	7	1	0	0	2	16	3	1000
8	7	1	1	0	2	16	3	1000
8	8	0	0	0	2	1000
8	8	0	1	0	2	1000
8	8	1	0	0	2	1000
8	8	1	1	0	2	1000
8	9	0	0	0	2	1000
8	9	0	1	0	2	1000
8	9	1	0	0	2	1000
8	9	1	1	0	2	1000
8	10	0	0	0	2	1000
8	10	0	1	0	2	1000
8	10	1	0	0	2	1000
8	10	1	1	0	2	1000
7	1	0	0	0	2	1000
7	1	1	0	0	2	1000
7	2	0	0	0	2	1000
7	2	1	0	0	2	1000
7	3	0	0	0	2	1000
7	3	1	0	0	2	1000
7	4	0	0	0	2	1000
7	4	1	0	0	2	14	3	1000
7	5	0	0	0	2	1000
7	5	1	0	0	2	10	3	1000
7	6	0	0	0	2	1000
7	6	1	0	0	2	11	3	1000
7	7	0	0	0	2	1000
7	7	1	0	0	2	1000
7	8	0	0	0	2	1000
7	8	1	0	0	2	1000
7	9	0	0	0	2	1000
7	9	1	0	0	2	1000
7	10	0	0	0	2	1000
7	10	1	0	0	2	1000
6	1	0	0	0	2	1000
6	1	0	1	0	2	1000
6	1	1	0	0	2	1000
6	1	1	1	0	2	1000
6	2	0	0	0	2	1000
6	2	0	1	0	2	0	4	1000
6	2	1	0	0	2	1000
6	2	1	1	0	2	0	4	1000
6	3	0	0	0	2	1000
6	3	0	1	0	2	-6	4	1000
6	3	1	0	0	2	1000
6	3	1	1	0	2	-6	4	1000
6	4	0	0	0	2	1000
6	4	0	1	0	2	-8	4	1000
6	4	1	0	0	2	1000
6	4	1	1	0	2	-8	4	1000
6	5	0	0	0	2	1000
6	5	0	1	0	2	-10	4	1000
6	5	1	0	0	2	1000
6	5	1	1	0	2	-10	4	1000
6	6	0	0	0	2	1000
6	6	0	1	0	2	-16	4	1000
6	6	1	0	0	2	1000
6	6	1	1	0	2	-16	4	1000
6	7	0	0	0	2	1000
6	7	0	1	0	4	1000
6	7	1	0	0	2	1000
6	7	1	1	0	4	1000
6	8	0	0	0	2	1000
6	8	0	1	0	2	5	4	1000
6	8	1	0	0	2	1000
6	8	1	1	0	2	5	4	1000
6	9	0	0	0	2	1000
6	9	0	1	0	2	1000
6	9	1	0	0	2	1000
6	9	1	1	0	2	1000
6	10	0	0	0	2	1000
6	10	0	1	0	2	1000
6	10	1	0	0	2	1000
6	10	1	1	0	2	1000
5	1	0	0	0	2	1000
5	1	1	0	0	2	1000
5	2	0	0	0	2	1000
5	2	1	0	0	2	1000
5	3	0	0	0	2	1000
5	3	1	0	0	2	1000
5	4	0	0	0	2	1000
5	4	1	0	0	2	1000
5	5	0	0	0	2	1000
5	5	1	0	0	2	1000
5	6	0	0	0	2	1000
5	6	1	0	0	2	1000
5	7	0	0	0	2	1000
5	7	1	0	0	2	1000
5	8	0	0	0	2	1000
5	8	1	0	0	2	1000
5	9	0	0	0	2	1000
5	9	1	0	0	2	1000
5	10	0	0	0	2	1000
5	10	1	0	0	2	1000
4	1	0	0	0	2	1000
4	1	0	1	0	2	1000
4	1	1	0	0	2	1000
4	1	1	1	0	2	1000
4	2	0	0	0	2	1000
4	2	0	1	0	2	-4	4	1000
4	2	1	0	0	2	1000
4	2	1	1	0	2	-4	4	1000
4	3	0	0	0	2	1000
4	3	0	1	0	2	-6	4	1000
4	3	1	0	0	2	1000
4	3	1	1	0	2	-6	4	1000
4	4	0	0	0	2	1000
4	4	0	1	0	2	-8	4	1000
4	4	1	0	0	2	1000
4	4	1	1	0	2	-8	4	1000
4	5	0	0	0	2	1000
4	5	0	1	0	2	-10	4	1000
4	5	1	0	0	2	1000
4	5	1	1	0	2	-10	4	1000
4	6	0	0	0	2	1000
4	6	0	1	0	2	-14	4	1000
4	6	1	0	0	2	1000
4	6	1	1	0	2	-14	4	1000
4	7	0	0	0	2	1000
4	7	0	1	0	4	1000
4	7	1	0	0	2	1000
4	7	1	1	0	4	1000
4	8	0	0	0	2	1000
4	8	0	1	0	2	5	4	1000
4	8	1	0	0	2	1000
4	8	1	1	0	2	5	4	1000
4	9	0	0	0	2	1000
4	9	0	1	0	2	1000
4	9	1	0	0	2	1000
4	9	1	1	0	2	1000
4	10	0	0	0	2	1000
4	10	0	1	0	2	1000
4	10	1	0	0	2	1000
4	10	1	1	0	2	1000
-21	1	0	0	0	1	1000
-21	1	1	0	0	1	1000
-21	2	0	0	0	1	1000
-21	2	1	0	0	1	1000
-21	3	0	0	0	1	1000
-21	3	1	0	0	1	1000
-21	4	0	0	0	1	1000
-21	4	1	0	0	1	1000
-21	5	0	0	0	1	1000
-21	5	1	0	0	1	1000
-21	6	0	0	0	1	1000
-21	6	1	0	0	1	1000
-21	7	0	0	0	1	1000
-21	7	1	0	0	1	1000
-21	8	0	0	0	1	1000
-21	8	1	0	0	1	1000
-21	9	0	0	0	1	1000
-21	9	1	0	0	1	1000
-21	10	0	0	0	1	1000
-21	10	1	0	0	1	1000
-20	1	0	0	0	1	1000
-20	1	1	0	0	1	1000
-20	2	0	0	0	1	1000
-20	2	1	0	0	1	11	3	1000
-20	3	0	0	0	1	1000
-20	3	1	0	0	1	9	3	1000
-20	4	0	0	0	1	1000
-20	4	1	0	0	1	7	3	1000
-20	5	0	0	0	1	1000
-20	5	1	0	0	1	5	3	1000
-20	6	0	0	0	1	1000
-20	6	1	0	0	1	5	3	1000
-20	7	0	0	0	1	1000
-20	7	1	0	0	1	16	3	1000
-20	8	0	0	0	1	1000
-20	8	1	0	0	1	1000
-20	9	0	0	0	1	1000
-20	9	1	0	0	1	1000
-20	10	0	0	0	1	1000
-20	10	1	0	0	1	1000
-19	1	0	0	0	1	1000
-19	1	1	0	0	1	1000
-19	2	0	0	0	1	1000
-19	2	1	0	0	1	8	3	1000
-19	3	0	0	0	1	1000
-19	3	1	0	0	1	5	3	1000
-19	4	0	0	0	1	1000
-19	4	1	0	0	1	3	3	1000
-19	5	0	0	0	1	1000
-19	5	1	0	0	1	2	3	1000
-19	6	0	0	0	1	1000
-19	6	1	0	0	1	1	3	1000
-19	7	0	0	0	1	1000
-19	7	1	0	0	1	1000
-19	8	0	0	0	1	1000
-19	8	1	0	0	1	1000
-19	9	0	0	0	1	1000
-19	9	1	0	0	1	1000
-19	10	0	0	0	1	1000
-19	10	1	0	0	1	1000
-18	1	0	0	0	2	1	1	1000
-18	1	1	0	0	2	1	1	1000
-18	2	0	0	0	2	-17	1	1000
-18	2	1	0	0	2	-17	1	1	3	1000
-18	3	0	0	0	2	-17	1	1000
-18	3	1	0	0	2	-17	1	-3	3	1000
-18	4	0	0	0	2	-16	1	1000
-18	4	1	0	0	2	-16	1	-6	3	1000
-18	5	0	0	0	2	-17	1	1000
-18	5	1	0	0	2	-17	1	-8	3	1000
-18	6	0	0	0	1	1000
-18	6	1	0	0	1	-10	3	1000
-18	7	0	0	0	1	1000
-18	7	1	0	0	1	1000
-18	8	0	0	0	2	-16	1	1000
-18	8	1	0	0	2	-16	1	1000
-18	9	0	0	0	2	1000
-18	9	1	0	0	2	1000
-18	10	0	0	0	2	1000
-18	10	1	0	0	2	1000
-17	1	0	0	0	2	1000
-17	1	1	0	0	2	1000
-17	2	0	0	0	2	1000
-17	2	1	0	0	2	2	3	1000
-17	3	0	0	0	2	1000
-17	3	1	0	0	2	-4	3	1000
-17	4	0	0	0	2	1000
-17	4	1	0	0	2	-7	3	1000
-17	5	0	0	0	2	1000
-17	5	1	0	0	2	-10	3	1000
-17	6	0	0	0	2	1000
-17	6	1	0	0	2	-14	3	1000
-17	7	0	0	0	2	1000
-17	7	1	0	0	2	1000
-17	8	0	0	0	2	1000
-17	8	1	0	0	2	1000
-17	9	0	0	0	2	1000
-17	9	1	0	0	2	1000
-17	10	0	0	0	2	1000
-17	10	1	0	0	2	1000
-16	1	0	0	0	2	1000
-16	1	1	0	0	2	1000
-16	2	0	0	0	2	1000
-16	2	1	0	0	2	15	3	1000
-16	3	0	0	0	2	1000
-16	3	1	0	0	2	5	3	1000
-16	4	0	0	0	2	1000
-16	4	1	0	0	2	-2	3	1000
-16	5	0	0	0	2	1000
-16	5	1	0	0	2	-6	3	1000
-16	6	0	0	0	2	1000
-16	6	1	0	0	2	-13	3	1000
-16	7	0	0	0	2	1000
-16	7	1	0	0	2	1000
-16	8	0	0	0	2	1000
-16	8	1	0	0	2	1000
-16	9	0	0	0	2	1000
-16	9	1	0	0	2	1000
-16	10	0	0	0	2	1000
-16	10	1	0	0	2	1000
-15	1	0	0	0	2	1000
-15	1	1	0	0	2	1000
-15	2	0	0	0	2	1000
-15	2	1	0	0	2	1000
-15	3	0	0	0	2	1000
-15	3	1	0	0	2	8	3	1000
-15	4	0	0	0	2	1000
-15	4	1	0	0	2	0	3	1000
-15	5	0	0	0	2	1000
-15	5	1	0	0	2	-4	3	1000
-15	6	0	0	0	2	1000
-15	6	1	0	0	2	-10	3	1000
-15	7	0	0	0	2	1000
-15	7	1	0	0	2	1000
-15	8	0	0	0	2	1000
-15	8	1	0	0	2	1000
-15	9	0	0	0	2	1000
-15	9	1	0	0	2	1000
-15	10	0	0	0	2	1000
-15	10	1	0	0	2	1000
-14	1	0	0	0	2	1000
-14	1	1	0	0	2	1000
-14	2	0	0	0	2	1000
-14	2	1	0	0	2	15	3	1000
-14	3	0	0	0	2	1000
-14	3	1	0	0	2	8	3	1000
-14	4	0	0	0	2	1000
-14	4	1	0	0	2	2	3	1000
-14	5	0	0	0	2	1000
-14	5	1	0	0	2	-2	3	1000
-14	6	0	0	0	2	1000
-14	6	1	0	0	2	-5	3	1000
-14	7	0	0	0	2	1000
-14	7	1	0	0	2	1000
-14	8	0	0	0	2	1000
-14	8	1	0	0	2	1000
-14	9	0	0	0	2	1000
-14	9	1	0	0	2	1000
-14	10	0	0	0	2	1000
-14	10	1	0	0	2	1000
-13	1	0	0	0	2	1000
-13	1	1	0	0	2	1000
-13	2	0	0	0	2	1000
-13	2	1	0	0	2	14	3	1000
-13	3	0	0	0	2	1000
-13	3	1	0	0	2	8	3	1000
-13	4	0	0	0	2	1000
-13	4	1	0	0	2	4	3	1000
-13	5	0	0	0	2	1000
-13	5	1	0	0	2	0	3	1000
-13	6	0	0	0	2	1000
-13	6	1	0	0	2	-2	3	1000
-13	7	0	0	0	2	1000
-13	7	1	0	0	2	1000
-13	8	0	0	0	2	1000
-13	8	1	0	0	2	1000
-13	9	0	0	0	2	1000
-13	9	1	0	0	2	1000
-13	10	0	0	0	2	1000
-13	10	1	0	0	2	1000
-12	1	0	0	0	2	1000
-12	1	0	1	0	2	-4	4	1000
-12	1	1	0	0	2	1000
-12	1	1	1	0	2	-4	4	1000
-12	2	0	0	0	2	1000
-12	2	0	1	0	2	-13	4	1000
-12	2	1	0	0	2	1000
-12	2	1	1	0	2	-13	4	1000
-12	3	0	0	0	2	1000
-12	3	0	1	0	2	-13	4	1000
-12	3	1	0	0	2	1000
-12	3	1	1	0	2	-13	4	1000
-12	4	0	0	0	2	1000
-12	4	0	1	0	2	-14	4	1000
-12	4	1	0	0	2	1000
-12	4	1	1	0	2	-14	4	1000
-12	5	0	0	0	2	1000
-12	5	0	1	0	2	-15	4	1000
-12	5	1	0	0	2	1000
-12	5	1	1	0	2	-15	4	1000
-12	6	0	0	0	2	1000
-12	6	0	1	0	2	-16	4	1000
-12	6	1	0	0	2	1000
-12	6	1	1	0	2	-16	4	1000
-12	7	0	0	0	2	1000
-12	7	0	1	0	2	-10	4	1000
-12	7	1	0	0	2	1000
-12	7	1	1	0	2	-10	4	1000
-12	8	0	0	0	2	1000
-12	8	0	1	0	2	-9	4	1000
-12	8	1	0	0	2	1000
-12	8	1	1	0	2	-9	4	1000
-12	9	0	0	0	2	1000
-12	9	0	1	0	2	-8	4	1000
-12	9	1	0	0	2	1000
-12	9	1	1	0	2	-8	4	1000
-12	10	0	0	0	2	1000
-12	10	0	1	0	2	-9	4	1000
-12	10	1	0	0	2	1000
-12	10	1	1	0	2	-9	4	1000